#"Progress (%)"	"Step"	"Potential Energy (kJ/mole)"	"Temperature (K)"	"Density (g/mL)"	"Speed (ns/day)"
0.5%	100	-178067.4352783815	295.2688279389301	1.021323906714126	0
1.0%	200	-177735.59920917515	294.0420949115496	1.021323906714126	17.3
1.5%	300	-177493.2092668774	297.86312614119174	1.0203554115258398	17.1
2.0%	400	-176923.340882967	294.3182781895104	1.0203554115258398	17
2.5%	500	-177133.349610232	300.21650991855034	1.028374727535486	17.2
3.0%	600	-176787.13785076328	300.64950621024343	1.0278345177808683	17
3.5%	700	-177341.42910873753	303.58418493245915	1.0278345177808683	17
4.0%	800	-177325.85884687013	302.53438327771767	1.0330472874663523	17.1
4.5%	900	-177798.06049244327	307.8781751443206	1.0330472874663523	17.1
5.0%	1000	-177479.13233660438	300.744568618885	1.0416568018477268	17.1
5.5%	1100	-177563.97726862095	303.26528919222955	1.0416568018477268	17
6.0%	1200	-177497.60553641006	302.03258596114586	1.0416568018477268	17.1
6.5%	1300	-177366.3367075507	301.6345523407559	1.0428186783547027	17
7.0%	1400	-177624.91768352687	298.6952867700849	1.0422930378591477	16.9
7.5%	1500	-178064.05644765525	300.3679416634326	1.0422930378591477	16.9
8.0%	1600	-177784.16069466327	299.75808645281796	1.0422930378591477	16.9
8.5%	1700	-177898.9625251238	301.63166329514064	1.0422930378591477	16.9
9.0%	1800	-177424.68564376564	295.73631507484725	1.0422930378591477	16.9
9.5%	1900	-177485.6582609329	299.05299054775327	1.0452253617065876	16.9
10.0%	2000	-178114.92986381295	302.9200498913056	1.0452253617065876	16.7
10.5%	2100	-177400.199865895	294.5416317574468	1.0473973983011649	16.7
11.0%	2200	-177965.04706333615	300.0176513048392	1.0455237676668951	16.7
11.5%	2300	-177773.39875647367	297.2066396623157	1.0452551569766395	16.8
12.0%	2400	-178209.4569979166	304.7640483393954	1.0465998703960562	16.8
12.5%	2500	-177505.46378690714	300.74363719596363	1.04619393149662	16.8
13.0%	2600	-177777.09748898493	299.4048185270553	1.04619393149662	16.8
13.5%	2700	-177717.93732574972	304.03494740013247	1.0472378366576565	16.8
14.0%	2800	-177865.0021613718	303.26069611534524	1.04646853675054	16.8
14.5%	2900	-177784.3963624309	304.8772483497376	1.050109367603018	16.7
15.0%	3000	-177426.27401944055	300.11123876481884	1.050109367603018	16.7
15.5%	3100	-178161.6194565039	303.3540978519947	1.050109367603018	16.7
16.0%	3200	-177524.024667425	297.9296430061202	1.055702519036654	16.7
16.5%	3300	-178232.22454461516	300.60981248100717	1.055702519036654	16.7
17.0%	3400	-178347.0597658976	302.5711886452189	1.0556324531744141	16.7
17.5%	3500	-178507.94354220867	303.7684506100631	1.0556324531744141	16.8
18.0%	3600	-178557.4788368897	301.7994183382038	1.0556324531744141	16.7
18.5%	3700	-178472.2404014434	298.0732707958662	1.0573382369941764	16.7
19.0%	3800	-179088.6210937231	301.2199454438216	1.0573382369941764	16.7
19.5%	3900	-178694.19330455206	294.9785052514832	1.061825202067729	16.7
20.0%	4000	-179083.56987233018	297.7520772071815	1.061825202067729	16.7
20.5%	4100	-178797.4241192804	293.53980070557367	1.062285282939965	16.7
21.0%	4200	-179607.94646873168	299.4463718565509	1.062285282939965	16.7
21.5%	4300	-179522.27835485822	293.3315276989431	1.062782240186415	16.7
22.0%	4400	-179246.47531633242	297.0680762220059	1.0591095164289277	16.7
22.5%	4500	-179213.47558121633	298.5915272445629	1.0591095164289277	16.7
23.0%	4600	-178897.01605239854	293.7239956351645	1.0583403054319416	16.7
23.5%	4700	-179283.38884516712	294.11939345958893	1.0547220736306484	16.7
24.0%	4800	-178989.09058774114	297.8457453539398	1.0548851841500984	16.7
24.5%	4900	-179130.07487666348	300.35261676815236	1.0556890744642846	16.7
25.0%	5000	-179407.3970276189	303.25236249861365	1.0580700971489223	16.7
25.5%	5100	-178930.2219261998	302.0688714434726	1.057941112775039	16.7
26.0%	5200	-178681.8675753553	296.08788506605754	1.0598218000745037	16.8
26.5%	5300	-179107.98049458352	305.46633264986275	1.0594907815743235	16.7
27.0%	5400	-178691.91829101133	299.73189057806326	1.0574842420885575	16.8
27.5%	5500	-178568.55660025336	300.4934653337084	1.0586114277774181	16.8
28.0%	5600	-178571.4103998368	300.81180573058145	1.0586114277774181	16.8
28.5%	5700	-178630.75597712083	305.4488604654565	1.0545465315155567	16.8
29.0%	5800	-178142.4105588409	300.87937609333005	1.0545465315155567	16.8
29.5%	5900	-178461.74659534774	299.7182948242007	1.054551482695108	16.8
30.0%	6000	-178178.92736526165	300.578769953893	1.054551482695108	16.8
30.5%	6100	-178405.49499552272	301.3406148392668	1.054551482695108	16.7
31.0%	6200	-178637.81748894497	300.37472162375326	1.054551482695108	16.7
31.5%	6300	-178288.50949451857	296.79024056670045	1.0574118517073865	16.7
32.0%	6400	-178155.59428304306	298.83888148615415	1.0557931767987387	16.7
32.5%	6500	-178212.1254770836	298.3959908875773	1.0552175878514116	16.7
33.0%	6600	-178529.09938790198	299.2078641069463	1.0530916660474476	16.7
33.5%	6700	-178198.9398699648	299.5523315063868	1.0520927310160166	16.8
34.0%	6800	-178063.68362429301	300.1170380934624	1.0533150435777114	16.8
34.5%	6900	-178198.05082090312	300.83865208689576	1.0533150435777114	16.8
35.0%	7000	-178035.2211246493	296.42879249563515	1.0533150435777114	16.8
35.5%	7100	-178249.71884669326	298.3769817957141	1.0533150435777114	16.8
36.0%	7200	-178104.8525747639	302.0459299372434	1.0501433563579614	16.8
36.5%	7300	-178263.1365039772	302.9057294001858	1.0501433563579614	16.8
37.0%	7400	-178308.19363879645	298.68341081230466	1.0487428658574154	16.8
37.5%	7500	-177897.80341787005	299.57016787257186	1.047782965169731	16.8
38.0%	7600	-178138.81140634915	298.55732879233085	1.047782965169731	16.8
38.5%	7700	-178286.52558170137	296.18642959937347	1.047782965169731	16.8
39.0%	7800	-178582.36328574008	303.31121952246144	1.052528282729747	16.8
39.5%	7900	-178725.53505286845	302.76763570996206	1.052528282729747	16.8
40.0%	8000	-178163.36914820812	301.3607692343094	1.052528282729747	16.8
40.5%	8100	-177898.79443716884	301.10458955675904	1.052528282729747	16.8
41.0%	8200	-178178.17126517356	305.3862060067143	1.0547876754009127	16.8
41.5%	8300	-177771.25979193373	299.3733802473135	1.054907358501411	16.8
42.0%	8400	-178105.11431959472	300.2156579365446	1.0577054758442725	16.8
42.5%	8500	-178218.46976135002	303.58365760761933	1.0582727534773666	16.8
43.0%	8600	-178845.15746454758	301.60537799593794	1.0593691131339773	16.8
43.5%	8700	-178692.07779821192	298.2028282898395	1.058635707517239	16.8
44.0%	8800	-178830.28700697003	296.62879699512547	1.0576070988791255	16.8
44.5%	8900	-178472.24788527284	294.6459554739319	1.0576070988791255	16.8
45.0%	9000	-178898.1804711263	300.50890720570527	1.0547686890856602	16.8
45.5%	9100	-178524.22055326938	299.4843249530889	1.0545498471136767	16.8
46.0%	9200	-178108.49693565388	303.44705379682904	1.0536763479282418	16.8
46.5%	9300	-178701.38672366802	302.52219742640784	1.0536763479282418	16.8
47.0%	9400	-178495.55888395838	299.66691645581005	1.0567125883373476	16.8
47.5%	9500	-178643.79175561693	299.3090233448661	1.0573364353683716	16.8
48.0%	9600	-178571.7198390946	298.842202718589	1.0561370546743611	16.8
48.5%	9700	-178688.2343280056	297.5557465240896	1.0525174536600344	16.8
49.0%	9800	-178484.7216526992	293.69333623829294	1.0504188516390782	16.8
49.5%	9900	-178759.51456891999	296.8921939836653	1.0534236732815625	16.9
50.0%	10000	-178655.14920786634	297.2143481962983	1.0534236732815625	16.9
50.5%	10100	-178972.74419546538	301.871965918808	1.0534236732815625	16.9
51.0%	10200	-178901.82616032698	299.66487116971643	1.0531444616131995	16.9
51.5%	10300	-178870.26248424145	304.46219113664824	1.0507582275368008	16.9
52.0%	10400	-178665.91739908763	300.75219967203435	1.0487613055536649	16.9
52.5%	10500	-178490.15637399943	300.9076333806304	1.0487613055536649	16.9
53.0%	10600	-178008.56351843243	295.80686034599694	1.048826224855416	16.9
53.5%	10700	-178282.68661694232	296.32284400056716	1.0523880786424298	16.9
54.0%	10800	-178779.56048391413	303.3458316974368	1.0523880786424298	16.8
54.5%	10900	-178331.45894934653	297.9704948520608	1.0589507022896116	16.8
55.0%	11000	-178207.06928089072	297.0241181970533	1.0544310845066578	16.8
55.5%	11100	-178464.62369072784	301.54578918178754	1.0554824094866913	16.8
56.0%	11200	-178296.7081137336	304.12104337463796	1.0523311408506482	16.8
56.5%	11300	-177945.45562779615	300.51951222418336	1.053563817684035	16.8
57.0%	11400	-178729.00748626588	307.32353010569625	1.052256161501231	16.8
57.5%	11500	-177988.9638855022	299.2833617546524	1.052256161501231	16.8
58.0%	11600	-178314.60264797145	302.9690163607703	1.0525526428563428	16.8
58.5%	11700	-178565.15377739377	304.55675791008485	1.0538051272544016	16.8
59.0%	11800	-178373.23490663045	301.8442274324198	1.0536977667086456	16.9
59.5%	11900	-178185.72732014698	298.90061907906204	1.053253132573335	16.9
60.0%	12000	-178671.9481254217	301.4941425450284	1.0548750720230449	16.9
60.5%	12100	-178892.82489194526	304.5449586842676	1.0560740206759585	16.9
61.0%	12200	-178472.4617446922	297.27850464160747	1.0535144160624246	16.9
61.5%	12300	-178837.62799595366	301.8913860482493	1.0535144160624246	16.9
62.0%	12400	-178755.92530577502	299.7729891953321	1.057655937777391	16.9
62.5%	12500	-178877.57262064752	301.92190645491837	1.0562402197562029	16.9
63.0%	12600	-178377.83747456974	295.6142155824124	1.0492938599392647	16.9
63.5%	12700	-178967.89190013742	299.3924349302041	1.049045122003272	16.9
64.0%	12800	-178813.55336845882	297.1607121832482	1.050433424299606	16.9
64.5%	12900	-178272.08489275372	297.9997910305018	1.050433424299606	16.9
65.0%	13000	-178411.80918168757	302.95868587600785	1.052443183775973	16.9
65.5%	13100	-178629.9611650348	301.87606291050565	1.0581517549384207	16.9
66.0%	13200	-179145.74705567447	302.5641478313001	1.0580455233596735	16.9
66.5%	13300	-179039.8778655743	301.30281958454896	1.0572538638431959	16.9
67.0%	13400	-179066.22109284188	305.7635395153749	1.055185527230702	16.9
67.5%	13500	-178610.56474769695	299.16762076392797	1.0555503413723593	16.9
68.0%	13600	-178181.37962944276	300.84083371166224	1.0579349768671797	16.9
68.5%	13700	-178488.5583450425	302.06763452214597	1.0577879623873057	16.9
69.0%	13800	-178173.29863759267	301.78150819416896	1.0565036938579548	16.9
69.5%	13900	-178645.90999937637	306.38760895130713	1.0558571753456	16.9
70.0%	14000	-178562.0281847132	298.5455516894683	1.0558571753456	16.9
70.5%	14100	-178482.33199751427	296.3826901489651	1.0505058141228285	16.9
71.0%	14200	-178439.135786412	300.0453396677453	1.0499957445232955	16.8
71.5%	14300	-178741.93492567784	302.471192241777	1.0532399046608873	16.8
72.0%	14400	-178345.15901675264	300.1579454055126	1.0532399046608873	16.8
72.5%	14500	-178645.14363633093	303.97157377858264	1.0532399046608873	16.8
73.0%	14600	-178097.63383500095	297.7273517391095	1.0509144082480195	16.8
73.5%	14700	-178462.26093535367	298.716685190497	1.05426292464565	16.8
74.0%	14800	-178645.92897286682	301.8223710988037	1.05426292464565	16.8
74.5%	14900	-178318.4199749749	296.12687091272943	1.0507800718400566	16.8
75.0%	15000	-178407.7784531067	298.7673616715976	1.050381587956755	16.8
75.5%	15100	-178762.87138717013	303.8588118666941	1.050381587956755	16.8
76.0%	15200	-178125.95989340136	296.9912514588821	1.050381587956755	16.8
76.5%	15300	-178805.89241310811	304.1406813279838	1.050381587956755	16.8
77.0%	15400	-178056.2360719232	299.69503835912815	1.0492858443331274	16.8
77.5%	15500	-178346.60784233734	303.8922417952482	1.0492858443331274	16.8
78.0%	15600	-178404.79560808686	300.026926379217	1.0472873379311227	16.8
78.5%	15700	-178332.09639292836	296.18808953445375	1.0474844894904753	16.8
79.0%	15800	-177998.58518181107	298.4842449398369	1.0497903325438325	16.8
79.5%	15900	-177981.93845796067	302.9550626140083	1.0497503273110111	16.8
80.0%	16000	-177764.9081548152	298.6073582295125	1.0469214970991785	16.8
80.5%	16100	-177654.80306803592	301.0151271580007	1.0449669498909364	16.8
81.0%	16200	-178044.3031158517	296.85024979196965	1.045267927734558	16.8
81.5%	16300	-178307.94732313103	301.2456128484223	1.045267927734558	16.8
82.0%	16400	-177942.58774240813	302.51955643293314	1.0448254145544258	16.8
82.5%	16500	-178071.52235404367	307.00310868616776	1.044629989696791	16.8
83.0%	16600	-177810.2705333041	300.4822617430211	1.044629989696791	16.8
83.5%	16700	-178206.56817171228	304.3618348710068	1.0464543979624854	16.8
84.0%	16800	-177985.9983662155	300.34047532947164	1.0456860379673516	16.8
84.5%	16900	-178171.9445278824	301.7064334180399	1.047108490656714	16.8
85.0%	17000	-177686.78638240925	295.4091137399588	1.0455011972157986	16.8
85.5%	17100	-178250.05135414004	297.98784459985603	1.046015720341827	16.8
86.0%	17200	-178220.66822139506	303.40170147002374	1.046015720341827	16.8
86.5%	17300	-177915.68864657078	295.8871271944486	1.0489698149925892	16.8
87.0%	17400	-178350.74604650197	300.72851437569796	1.0534788974183995	16.8
87.5%	17500	-178012.3992521298	299.7195301877672	1.0534788974183995	16.8
88.0%	17600	-178739.57598333177	307.19517093658527	1.0505839786202351	16.8
88.5%	17700	-178733.63285479878	305.7940887383023	1.0505839786202351	16.8
89.0%	17800	-178894.08573157465	305.96336535277436	1.0529713939518595	16.8
89.5%	17900	-178252.5822191136	298.2839428439788	1.0529713939518595	16.8
90.0%	18000	-178462.66222663727	304.1015816771379	1.0529713939518595	16.8
90.5%	18100	-178186.16414275012	300.2567105546605	1.0506355033305117	16.8
91.0%	18200	-178307.15558150495	303.74222350096636	1.0518592814556047	16.8
91.5%	18300	-178289.4000982859	301.7084084025876	1.050790559184778	16.8
92.0%	18400	-178530.2806721764	300.36266348854315	1.054452951647816	16.8
92.5%	18500	-178756.58387002465	302.69050119344945	1.055155378693809	16.8
93.0%	18600	-178871.31953719593	301.55193419228306	1.055155378693809	16.8
93.5%	18700	-178685.62730347784	304.33549917323313	1.0569777994060054	16.8
94.0%	18800	-177811.27638700762	298.80635927592067	1.0532089135380929	16.8
94.5%	18900	-178022.30669982938	300.6505619961701	1.0532089135380929	16.8
95.0%	19000	-178312.0096154835	303.4735080404458	1.0526486030632207	16.8
95.5%	19100	-178274.65337351197	303.6230284135627	1.0514087401748624	16.8
96.0%	19200	-178048.24793959942	303.59044651414257	1.0497906180390866	16.8
96.5%	19300	-177936.20735541478	301.5437415727192	1.0499684160350027	16.8
97.0%	19400	-177328.25301772187	299.05721655347054	1.0509295749037006	16.8
97.5%	19500	-178585.64165239414	303.63226365222835	1.0512103175145284	16.8
98.0%	19600	-178412.7171652543	307.83452875709816	1.0512103175145284	16.8
98.5%	19700	-178385.62689827807	302.3025682902364	1.0495570037552195	16.8
99.0%	19800	-178517.38488909887	302.41081938391216	1.0483185639186192	16.8
99.5%	19900	-178153.51764005426	299.24102935934764	1.054159475794345	16.8
100.0%	20000	-177736.78110426245	295.9528071404228	1.0534568788610705	16.8
